   | 0   1   2   3   4   5   6   7   8   9  10  11  12  13  14  15
---|---------------------------------------------------------------
 1 | 8,  0,  0,  0,  0,  0,  0,  0,  0,  0,  0,  0,  0,  0,  0,  0, 
 2 | 0,  0, -2, -2,  0,  0, -2,  6,  2,  2,  0,  0,  2,  2,  0,  0, 
 3 | 0,  0, -2, -2,  0,  0, -2, -2,  0,  0,  2,  2,  0,  0, -6,  2, 
 4 | 0,  0,  0,  0,  0,  0,  0,  0,  2, -6, -2, -2,  2,  2, -2, -2, 
 5 | 0,  2,  0, -2, -2, -4, -2,  0,  0, -2,  0,  2,  2, -4,  2,  0, 
 6 | 0, -2, -2,  0, -2,  0,  4,  2, -2,  0, -4,  2,  0, -2, -2,  0, 
 7 | 0,  2, -2,  4,  2,  0,  0,  2,  0, -2,  2,  4, -2,  0,  0, -2, 
 8 | 0, -2,  0,  2,  2, -4,  2,  0, -2,  0,  2,  0,  4,  2,  0,  2, 
 9 | 0,  0,  0,  0,  0,  0,  0,  0, -2,  2,  2, -2,  2, -2, -2, -6, 
10 | 0,  0, -2, -2,  0,  0, -2, -2, -4,  0, -2,  2,  0,  4,  2, -2, 
11 | 0,  4, -2,  2, -4,  0,  2, -2,  2,  2,  0,  0,  2,  2,  0,  0, 
12 | 0,  4,  0, -4,  4,  0,  4,  0,  0,  0,  0,  0,  0,  0,  0,  0, 
13 | 0, -2,  4, -2, -2,  0,  2,  0,  2,  0,  2,  4,  0,  2,  0, -2, 
14 | 0,  2,  2,  0, -2,  4,  0,  2, -4, -2,  2,  0,  2,  0,  0,  2, 
15 | 0,  2,  2,  0, -2, -4,  0,  2, -2,  0,  0, -2, -4,  2, -2,  0, 
16 | 0, -2, -4, -2, -2,  0,  2,  0,  0, -2,  4, -2, -2,  0,  2,  0, 